>MA0013.1	br
A  [     1      4      2      1      5      6      5      1      3      5      3 ]
C  [     1      0      0      0      0      0      0      3      0      0      1 ]
G  [     0      0      4      0      1      0      1      1      1      0      0 ]
T  [     4      2      0      5      0      0      0      1      2      1      2 ]
>MA0022.1	dl
A  [     0      0      0      0      1      1      1      0      0      1      1      3 ]
C  [     5      0      1      0      1      0      0      0      3      9      9      5 ]
G  [     6     12     11     10      3      2      0      0      0      0      1      5 ]
T  [     2      1      1      3      8     10     12     13     10      3      2      0 ]
>MA0023.1	dl
A  [     0      0      0      0      4      2      0      0      0      1 ]
C  [     1      0      0      0      1      1      0      1      9      8 ]
G  [     7      7      9      8      0      0      0      0      0      0 ]
T  [     1      2      0      1      4      6      9      8      0      0 ]
>MA0026.1	Eip74EF
A  [     2      5      0      0     17     17      5 ]
C  [    12     12      0      0      0      0      1 ]
G  [     2      0     17     17      0      0     10 ]
T  [     1      0      0      0      0      0      1 ]
>MA0049.1	hb
A  [     1      6      9      4     13     16     16     14     15      9 ]
C  [     5      8      3      3      1      0      0      0      1      2 ]
G  [     8      2      4      1      0      0      0      2      0      2 ]
T  [     2      0      0      8      2      0      0      0      0      3 ]
>MA0165.1	Abd-B
A  [     1      0      5     21      0      3     13 ]
C  [     0      0      0      0      3      0      0 ]
G  [     0      0      0      0      0     11      5 ]
T  [    20     21     16      0     18      7      3 ]
>MA0166.1	Antp
A  [     1      0     16     16      0      0     15 ]
C  [     1      0      0      0      0      0      0 ]
G  [     0      0      0      0      0      9      1 ]
T  [    14     16      0      0     16      7      0 ]
>MA0168.1	B-H1
A  [     4      0     21     21      8      1      1 ]
C  [     4      0      0      0      0      7      0 ]
G  [     0      0      0      0      0      0     20 ]
T  [    13     21      0      0     13     13      0 ]
>MA0171.1	CG11085
A  [     0      0     13     13      1      2      1 ]
C  [     3      0      0      0      0      1      0 ]
G  [     0      0      0      0      0      2     12 ]
T  [    10     13      0      0     12      8      0 ]
>MA0172.1	CG11294
A  [     0      0     15     15      0      0     15 ]
C  [     3      2      0      0      0      0      0 ]
G  [     0      0      0      0      0      0      0 ]
T  [    12     13      0      0     15     15      0 ]
>MA0173.1	CG11617
A  [     1      0     10     17      0     17      0 ]
C  [     0      0      0      0     17      0      0 ]
G  [     0      0      3      0      0      0      0 ]
T  [    16     17      4      0      0      0     17 ]
>MA0174.1	Dbx
A  [     2      2      6     16      0      0     13 ]
C  [     0      0      0      0      0      2      0 ]
G  [     0      0      2      0      0      6      3 ]
T  [    14     14      8      0     16      8      0 ]
>MA0175.1	lms
A  [     2      0     21     21      0      3      8 ]
C  [     7      0      0      0      0      0      0 ]
G  [     1      0      0      0      0      4     13 ]
T  [    11     21      0      0     21     14      0 ]
>MA0176.1	CG15696
A  [     2      2     21     32      0      0     16 ]
C  [     3      3      0      0      0      0      0 ]
G  [     3      0      6      0      0      2     16 ]
T  [    24     27      5      0     32     30      0 ]
>MA0177.1	CG18599
A  [     4      0     25     25      0      0     23 ]
C  [    10      0      0      0      0      1      0 ]
G  [     1      0      0      0      0      8      2 ]
T  [    10     25      0      0     25     16      0 ]
>MA0179.1	CG32532
A  [     2      0     23     23      0      0     12 ]
C  [     6      0      0      0      0      0      0 ]
G  [     2      0      0      0      0      2     10 ]
T  [    13     23      0      0     23     21      1 ]
>MA0180.1	Vsx2
A  [     1      2      0     13     13      0      0     10      1 ]
C  [     1      2      0      0      0      0      0      0      2 ]
G  [     5      0      0      0      0      0      0      3     10 ]
T  [     6      9     13      0      0     13     13      0      0 ]
>MA0183.1	HHEX
A  [     7      0      0     21     26      0      7     22 ]
C  [     3      7      6      0      0      3      0      0 ]
G  [     2      0      7      2      0      3      1      4 ]
T  [    14     19     13      3      0     20     18      0 ]
>MA0186.1	Dfd
A  [     1      0     24     24      0      1     21 ]
C  [     4      0      0      0      0      0      0 ]
G  [     3      0      0      0      0     19      3 ]
T  [    16     24      0      0     24      4      0 ]
>MA0187.1	Dll
A  [     1     22     23      0      3     10      1 ]
C  [     0      0      0      0      0      0     12 ]
G  [     0      1      0      0      3      9      4 ]
T  [    22      0      0     23     17      4      6 ]
>MA0188.1	Dr
A  [     1      0     21     21      0      0     21 ]
C  [    13     16      0      0      0      0      0 ]
G  [     6      0      0      0      0      0      0 ]
T  [     1      5      0      0     21     21      0 ]
>MA0190.1	Gsc
A  [     0     22     22      0      0      0 ]
C  [     0      0      0      0     22     14 ]
G  [     0      0      0      0      0      2 ]
T  [    22      0      0     22      0      6 ]
>MA0191.1	HGTX
A  [     4      0     20     20      0      1     15 ]
C  [     2      0      0      0      0      0      0 ]
G  [     3      0      0      0      0      6      5 ]
T  [    11     20      0      0     20     13      0 ]
>MA0192.1	Hmx
A  [     1      0     20     20      1      0      4 ]
C  [     3      0      0      0      0      3      0 ]
G  [     0      0      0      0      0      0     16 ]
T  [    16     20      0      0     19     17      0 ]
>MA0193.1	schlank
A  [     0      0     17      1      0     18     12 ]
C  [    19      9      2     18     12      0      0 ]
G  [     0      0      0      0      0      1      4 ]
T  [     0     10      0      0      7      0      3 ]
>MA0194.1	Lim1
A  [     0      0     18     18      0      0     17 ]
C  [     2      0      0      0      0      0      0 ]
G  [     0      0      0      0      0      0      1 ]
T  [    16     18      0      0     18     18      0 ]
>MA0196.1	NK7.1
A  [     5      0     33     35      4      6     13 ]
C  [     5      0      0      0      0      0      0 ]
G  [     1      0      2      0      5      7     22 ]
T  [    24     35      0      0     26     22      0 ]
>MA0198.1	OdsH
A  [     0      0     22     22      0      0     13 ]
C  [    11      0      0      0      0      0      0 ]
G  [     4      0      0      0      0      0      8 ]
T  [     7     22      0      0     22     22      1 ]
>MA0199.1	Optix
A  [     0      0     27      0     26 ]
C  [     5      0      0      0      0 ]
G  [     0     27      0      0      1 ]
T  [    22      0      0     27      0 ]
>MA0201.1	Ptx1
A  [     0      0     20     20      0      0      0 ]
C  [     5      0      0      0      0     20     19 ]
G  [     1      0      0      0      0      0      0 ]
T  [    14     20      0      0     20      0      1 ]
>MA0202.1	Rx
A  [     3      0     27     27      0      0     17 ]
C  [    13      0      0      0      0      0      0 ]
G  [     0      0      0      0      0      0     10 ]
T  [    11     27      0      0     27     27      0 ]
>MA0203.1	Scr
A  [     3      0     25     25      0      0     23 ]
C  [     7      0      0      0      0      0      0 ]
G  [     0      0      0      0      0     18      2 ]
T  [    15     25      0      0     25      7      0 ]
>MA0204.1	Six4
A  [     0      0     20      0     20      1 ]
C  [     0      0      0      7      0     19 ]
G  [     0     20      0      4      0      0 ]
T  [    20      0      0      9      0      0 ]
>MA0206.1	abd-A
A  [     1      0     16     18      1      0     15 ]
C  [     3      0      0      0      0      0      1 ]
G  [     0      0      0      0      0      6      2 ]
T  [    14     18      2      0     17     12      0 ]
>MA0208.1	al
A  [     0     20     20      0      0     17     18 ]
C  [     0      0      0      0      0      0      0 ]
G  [     0      0      0      0      0      3      2 ]
T  [    20      0      0     20     20      0      0 ]
>MA0209.1	ap
A  [     2      1     19     19      0      0     16 ]
C  [    10      0      0      0      0      0      0 ]
G  [     0      0      0      0      0      6      3 ]
T  [     7     18      0      0     19     13      0 ]
>MA0210.1	ara
A  [    14     23     34      0     34 ]
C  [     0      0      0     34      0 ]
G  [     5      0      0      0      0 ]
T  [    15     11      0      0      0 ]
>MA0211.1	bap
A  [     0      0     23     23      0      1      7 ]
C  [     0      0      0      0      0      0      0 ]
G  [     1      0      0      0     23      0     16 ]
T  [    22     23      0      0      0     22      0 ]
>MA0212.1	bcd
A  [     0     20     22      0      0      0 ]
C  [     0      0      0      0     22     21 ]
G  [     0      0      0      1      0      0 ]
T  [    22      2      0     21      0      1 ]
>MA0214.1	bsh
A  [     1      0     16     16      0      0      7 ]
C  [     3      0      0      0      1      3      0 ]
G  [     2      0      0      0      0      6      9 ]
T  [    10     16      0      0     15      7      0 ]
>MA0215.1	btn
A  [     5      0     22     23      0      0     19 ]
C  [     1      0      0      0      1      0      0 ]
G  [     4      0      1      0      0     15      3 ]
T  [    13     23      0      0     22      8      1 ]
>MA0218.1	ct
A  [     0      1      9     20     17      0 ]
C  [     6      2      0      0      0     19 ]
G  [     0      0     11      0      1      1 ]
T  [    14     17      0      0      2      0 ]
>MA0219.1	ems
A  [     3      3     19     19      0      0     14 ]
C  [     7      0      0      0      0      1      0 ]
G  [     1      0      0      1      0     10      6 ]
T  [     9     17      1      0     20      9      0 ]
>MA0220.1	en
A  [     2      0     23     23      0      0     13 ]
C  [     8      0      0      0      0      0      0 ]
G  [     2      0      0      0      0      2     10 ]
T  [    11     23      0      0     23     21      0 ]
>MA0221.1	eve
A  [     3      1     22     22      0      0     17 ]
C  [    10      0      0      0      2      2      0 ]
G  [     0      0      0      0      1     11      4 ]
T  [     9     21      0      0     19      9      1 ]
>MA0224.1	exex
A  [     0      0     23     23      0      1     20 ]
C  [     7      0      0      0      0      1      0 ]
G  [    10      0      0      0      0      0      3 ]
T  [     6     23      0      0     23     21      0 ]
>MA0226.1	hbn
A  [     2      0     17     17      0      0      9 ]
C  [     2      0      0      0      0      0      0 ]
G  [     2      0      0      0      0      0      7 ]
T  [    11     17      0      0     17     17      1 ]
>MA0227.1	hth
A  [     0      0     17      0     14      0 ]
C  [     0      0      0     17      0      0 ]
G  [     0     17      0      0      3      8 ]
T  [    17      0      0      0      0      4 ]
>MA0228.1	ind
A  [     0      0     21     21      0      0     19 ]
C  [    12      0      0      0      0      0      0 ]
G  [     0      0      0      0      1      8      2 ]
T  [     9     21      0      0     20     13      0 ]
>MA0229.1	inv
A  [     4      1      0     16     16      0      0     11 ]
C  [     0      9      0      0      0      0      0      0 ]
G  [     3      0      0      0      0      0      0      5 ]
T  [     9      6     16      0      0     16     16      0 ]
>MA0230.1	lab
A  [     1      0     16     16      1      0     16 ]
C  [     3      0      0      0      0      0      0 ]
G  [     0      0      0      0      0      6      0 ]
T  [    12     16      0      0     15     10      0 ]
>MA0231.1	lbe
A  [     0     22     22      1      4     19 ]
C  [     0      0      0     10      5      0 ]
G  [     0      0      0      2      3      3 ]
T  [    22      0      0      9     10      0 ]
>MA0232.1	lbl
A  [     0     23     23      0      1     17 ]
C  [     0      0      0      5      3      0 ]
G  [     0      0      0      0      7      6 ]
T  [    23      0      0     18     12      0 ]
>MA0233.1	mirr
A  [    20     29     41      0     41 ]
C  [     1      0      0     41      0 ]
G  [     1      2      0      0      0 ]
T  [    19     10      0      0      0 ]
>MA0234.1	oc
A  [     0     19     19      0      0      0 ]
C  [     0      0      0      0     19     17 ]
G  [     0      0      0      2      0      1 ]
T  [    19      0      0     17      0      1 ]
>MA0235.1	onecut
A  [     1      0      0     15      0      0      5 ]
C  [     2      0      0      0      0      0      0 ]
G  [     0      0     15      0      0      0      4 ]
T  [    12     15      0      0     15     15      6 ]
>MA0236.1	otp
A  [     1      0     20     20      0      0     15 ]
C  [     6      1      0      0      0      1      0 ]
G  [     2      0      0      0      0      4      3 ]
T  [    11     19      0      0     20     15      2 ]
>MA0238.1	pb
A  [     4      0     24     24      0      0     24 ]
C  [     9      0      0      0      0      0      0 ]
G  [     0      0      0      0      0     11      0 ]
T  [    11     24      0      0     24     13      0 ]
>MA0240.1	repo
A  [     1      1     27     28      0      0     21 ]
C  [     4      0      0      0      0      0      0 ]
G  [     4      0      0      0      0      0      7 ]
T  [    19     27      1      0     28     28      0 ]
>MA0241.1	ro
A  [     1      0     23     23      0      0     19 ]
C  [    12      0      0      0      0      0      0 ]
G  [     3      0      0      0      0      3      4 ]
T  [     7     23      0      0     23     20      0 ]
>MA0244.1	slbo
A  [     9      0      0      3      2      7      6     11 ]
C  [     1      1      0      2     10      2      5      1 ]
G  [     1      0      3      7      0      2      1      0 ]
T  [     1     11      9      0      0      1      0      0 ]
>MA0245.1	slou
A  [     3      0     22     21      0      2     11 ]
C  [     5      1      0      0      0      1      0 ]
G  [     1      0      0      1      0      5     11 ]
T  [    13     21      0      0     22     14      0 ]
>MA0246.1	so
A  [     0      0     27      0     27      0 ]
C  [     0      0      0      0      0     10 ]
G  [     1     27      0      1      0      0 ]
T  [    26      0      0     26      0      3 ]
>MA0248.1	tup
A  [     4      1     16     16      0      1      2 ]
C  [     2      0      0      0      0      0      0 ]
G  [     1      0      0      0      2      7     13 ]
T  [     9     15      0      0     14      8      1 ]
>MA0250.1	unc-4
A  [     1      0     21     21      0      1      6 ]
C  [     5      0      0      0      0      0      1 ]
G  [     2      0      0      0      0      0     14 ]
T  [    13     21      0      0     21     20      0 ]
>MA0251.1	unpg
A  [     1      1     21     21      0      0     14 ]
C  [     6      0      0      0      0      0      0 ]
G  [     4      0      0      0      0      2      7 ]
T  [    10     20      0      0     21     19      0 ]
>MA0253.1	vnd
A  [     4      1      0      0     19     19      0      2      9 ]
C  [     0      8      0     15      0      0      0      0      0 ]
G  [     2      1      0      2      0      0     19      0     10 ]
T  [    13      9     19      2      0      0      0     17      0 ]
>MA0254.1	vvl
A  [     0     11      2      0      3     11 ]
C  [     2      0      2      0      8      0 ]
G  [     0      0      0      6      0      0 ]
T  [     9      0      7      5      0      0 ]
>MA0444.1	CG34031
A  [     0      0     22     25      2      7      3 ]
C  [     1      0      0      0      0      0      0 ]
G  [     1      0      0      0      0      1     22 ]
T  [    23     25      3      0     23     17      0 ]
>MA0445.1	D
A  [     1      0      0     20      0      0      2      0      1      4      6 ]
C  [     8     25     17      0      0      0      0      0      2     10      1 ]
G  [     7      0      0      0      0      3     27      0      4      6      1 ]
T  [    13      4     12      9     29     26      0     29     22      9     21 ]
>MA0446.1	fkh
A  [     3      5      0      0      0     13      4      6      0     23     15 ]
C  [     0      0      0      0      0      0     13      7     11      0      4 ]
G  [     0     22      0      0      1     14      2      3      2      1      4 ]
T  [    24      0     27     27     26      0      8     11     14      3      4 ]
>MA0447.1	gt
A  [    28      0      1     54      0      7      0     55     60      2 ]
C  [     5      0      1      0     53      0      6      3      0     25 ]
G  [    25      0      3      6      0     53      0      1      0      5 ]
T  [     2     60     55      0      7      0     54      1      0     28 ]
>MA0448.1	H2.0
A  [     6      2     16     31      0      8     24 ]
C  [     3      1      1      0      0      0      0 ]
G  [     4      0      1      0      0      9      7 ]
T  [    19     29     14      1     32     15      1 ]
>MA0450.1	hkb
A  [     3      8      0      0      0      0      0      0     24 ]
C  [     0      0      0      0     32      0      0      0      3 ]
G  [    18     24     32     32      0     32      3     31      2 ]
T  [    11      0      0      0      0      0     29      1      3 ]
>MA0454.1	odd
A  [     7     10      0     12      0      0     15      0      0     11      5 ]
C  [     5      5     14      0      0      0      0      0     15      3      4 ]
G  [     0      0      1      3     15      0      0     15      0      1      6 ]
T  [     3      0      0      0      0     15      0      0      0      0      0 ]
>MA0456.1	opa
A  [     0     10      1      1      0      0      0      0      4      0      3      2 ]
C  [     1      7     16     15     16     18     18     14      0     14      1      0 ]
G  [    15      1      0      1      1      0      0      0     13      2      4     16 ]
T  [     2      0      1      1      1      0      0      4      1      2     10      0 ]
>MA0459.1	tll
A  [    20     29     33     31      0      0      0     33     31     17 ]
C  [     4      0      0      1      0      2     33      0      0     10 ]
G  [     4      4      0      1     33      0      0      0      1      2 ]
T  [     5      0      0      0      0     31      0      0      1      4 ]
>MA0460.1	ttk
A  [    10     22      0      0     22      0     21     22      1 ]
C  [     8      0      0      0      0      5      0      0      5 ]
G  [     3      0     22     22      0      0      0      0      3 ]
T  [     1      0      0      0      0     17      1      0     13 ]
>MA0216.2	cad
A  [   854    575      0    745   2117      0   2236   2303   2303   1637   1046 ]
C  [     0    341   1481   1475      0     95      0      0      0    115    755 ]
G  [  1143   1387      0      0    186      0      0      0      0    147      0 ]
T  [   306      0    822     83      0   2208     67      0      0    404    502 ]
>MA0533.1	su(Hw)
A  [   336    243    778    855   2767   3438   4217   3904    410     17   4276      7    199    116   2821   3392    523   2535   1815   2231   1996 ]
C  [  1133   4116   3001   1480    586    208     93     19    235    441     21     11      5   4594    411    296   2430    354   1284    447    379 ]
G  [  2808     35    231    977    925    529    295    316   3759     96     95   1140   4526      6      8    713    191   1409    770    345    351 ]
T  [   460    343    727   1425    459    562    132    498    333   4183    345   3579      7     21   1497    336   1593    439    868   1714   2011 ]
>MA0237.2	pan
A  [     0      0      0      0      7     11      7      0      0      0      0     11     34     22 ]
C  [     0     71      0     20     43     10     40     30      0      0      0      9      0      0 ]
G  [    34      0     71     40      3     19      0     15      0      0     11     41     21      0 ]
T  [    37      0      0     11     18     31     24     26     71     71     60     10     16     49 ]
>MA0535.1	Mad
A  [     0     35      0     35      0      0     23      0     29     29     11     29     12     32     11 ]
C  [    48     26     14      0    102      0     65     71      0     39     53      0     48     34     28 ]
G  [    47     13     88     56      0    102      0     31     73     34     25     73     27     16     63 ]
T  [     7     28      0     11      0      0     14      0      0      0     13      0     15     20      0 ]
>MA0916.1	Ets21C
A  [     1      1      1      1    997    897    333      1 ]
C  [   996    997      1      1      1      1      1    286 ]
G  [     1      1    997    997      1      1    665      1 ]
T  [     1      1      1      1      1    101      1    712 ]
>MA2107.1	cg
A  [ 27181   2844  36944     64  36651    102  36748     86  36502   2722  27111 ]
C  [  3205  26173    333  36502    421  35361    387  36057    302  24589   2630 ]
G  [  4214   2798    119    385    183    543    184    909    312   3758   4623 ]
T  [  3438   6223    642   1087    783   2032    719    986    922   6969   3674 ]
>MA2188.1	acj6
A  [   156     64    701    938      0     12    974    883 ]
C  [   600      0    221     49      0      0      0     33 ]
G  [   133     16     39     12      0    111      0     33 ]
T  [   111    920     39      0   1000    876     26     50 ]
>MA2189.1	Adf1
A  [   143      0    714      0      0      0      0    286 ]
C  [   857      0      0    857    571      0   1000      0 ]
G  [     0   1000    286      0      0   1000      0    714 ]
T  [     0      0      0    143    429      0      0      0 ]
>MA2191.1	amos
A  [   476    682      0    985     11    303     38     26    115     31 ]
C  [   114     45   1000      2     53    647      0      0    138    355 ]
G  [   397    185      0     12    637     50      5    957    125     90 ]
T  [    13     88      0      0    299      0    957     17    622    524 ]
>MA2192.1	Atf-2
A  [   125   1000      0      0   1000      0      0    125      0    875      0 ]
C  [     0      0    125      0      0   1000      0      0    500      0    375 ]
G  [   625      0      0   1000      0      0    875      0    500    125      0 ]
T  [   250      0    875      0      0      0    125    875      0      0    625 ]
>MA2193.1	Atf3
A  [   422      0     23    937      0    192     10    268    978     38 ]
C  [    89      7     56      0    821      0     40    675      7    439 ]
G  [   427      0    695     39      0    807      0     52     14    112 ]
T  [    60    992    224     23    178      0    948      3      0    409 ]
>MA2194.1	Atf6
A  [   104     74    514      0      0    995      0      0      0     10      2     12    729 ]
C  [   175     65    137      4      1      2    997      0      0     61      0    966     33 ]
G  [   113    805    336      0    981      1      2   1000      0    923    698      5    164 ]
T  [   607     53     11    995     16      0      0      0    999      4    297     15     72 ]
>MA2195.1	ato
A  [   368      0    947      0    368     53      0    316    158 ]
C  [   474   1000      0    526    632      0      0    368    737 ]
G  [   158      0     53     53      0      0   1000    158     53 ]
T  [     0      0      0    421      0    947      0    158     53 ]
>MA2196.1	bigmax
A  [   302    648      8     20    976      3     17     10      9 ]
C  [    39     10     39    978      0    991      4      0      0 ]
G  [   467    265    106      0     23      0    942     24    984 ]
T  [   189     74    845      0      0      5     36    964      5 ]
>MA2197.1	bin
A  [   450      0   1000   1000   1000      0    950 ]
C  [     0      0      0      0      0   1000      0 ]
G  [   500      0      0      0      0      0      0 ]
T  [    50   1000      0      0      0      0     50 ]
>MA2198.1	Blimp-1
A  [   117    751     19      9     32     46      0    592    125     78 ]
C  [   559    140    940     47    155     29    889    160    610    217 ]
G  [    76     95     25     19     15     41      5    183    102     58 ]
T  [   246     12     14    923    796    882    104     63    161    646 ]
>MA2200.1	bs
A  [     4      0    632     11    999    179    951    248      0      0 ]
C  [   995    998    104      0      0    314      0      4      0      0 ]
G  [     0      1    115      0      0     12      0      0    998   1000 ]
T  [     0      0    146    988      0    492     48    747      0      0 ]
>MA2202.1	byn
A  [   695    105     24      0      1     27     19    962    566 ]
C  [    32    131     12     59      1    291     50      3    111 ]
G  [   169    606    950      3    996     21    845     24    129 ]
T  [   102    156     12    937      0    658     84     10    192 ]
>MA2207.1	ci
A  [   545      0    727    182     91    727      0    273      0    909      0 ]
C  [     0      0    273    818    909    182    909    727   1000      0    818 ]
G  [   364   1000      0      0      0      0      0      0      0     91    182 ]
T  [    91      0      0      0      0     91     91      0      0      0      0 ]
>MA2208.1	crc
A  [   118    294      0      0    941      0      0      0   1000   1000      0 ]
C  [    59    353      0      0      0    529      0    235      0      0    118 ]
G  [   588    353      0    824      0      0   1000      0      0      0    176 ]
T  [   235      0   1000    176     59    471      0    765      0      0    706 ]
>MA2209.1	CrebA
A  [    80     52    165     69    993      2      4      1     59     14     38    682 ]
C  [   124     10    817    838      2    996      0      8     31      6    888    111 ]
G  [   112    891      8     36      4      1    995      6    840    806     11    122 ]
T  [   684     46     10     57      1      1      1    984     70    174     63     85 ]
>MA2210.1	CrebB
A  [   442      7      3    986      3      8      8    153    981     43 ]
C  [   111     13      7      4    987      4      7    840      5    397 ]
G  [   397      3    830      2      2    987      3      6     10    115 ]
T  [    49    978    160      8      8      1    981      2      3    446 ]
>MA2211.1	croc
A  [   305    691     46    185     61    515    919    958      0    959 ]
C  [   146     54    660      8     36    479     68      7    899      2 ]
G  [    29    213     72    806      5      1      0     23      0     31 ]
T  [   518     41    220      0    896      3     11      9    100      7 ]
>MA2212.1	dar1
A  [   250    200      0    800      0    850      0      0      0    650    200 ]
C  [     0    700   1000    100   1000      0   1000   1000   1000    150    550 ]
G  [   750    100      0    100      0    100      0      0      0      0     50 ]
T  [     0      0      0      0      0     50      0      0      0    200    200 ]
>MA2217.1	dpn
A  [    12    928      0     74     22      9 ]
C  [   981     10    987      4    633      5 ]
G  [     2     23      0    920      9    925 ]
T  [     3     37     12      1    333     59 ]
>MA2218.1	dsf
A  [   782    782   1000    956      0      0      0    956 ]
C  [    43      0      0      0      0      0    913      0 ]
G  [    86    173      0      0   1000      0      0     43 ]
T  [    86     43      0     43      0   1000     86      0 ]
>MA2222.1	E(spl)mgamma-HLH
A  [    48      0    917      0      0     42      0     83      0    696 ]
C  [   286   1000      0   1000      0    208      0    833    917      0 ]
G  [   667      0     83      0   1000      0   1000      0      0    174 ]
T  [     0      0      0      0      0    750      0     83     83    130 ]
>MA2223.1	EcR
A  [   500    857      0      0      0      0   1000    357 ]
C  [     0      0      0     71      0   1000      0      0 ]
G  [   500    143   1000    929      0      0      0      0 ]
T  [     0      0      0      0   1000      0      0    643 ]
>MA2224.1	Eip75B
A  [   652    361    150      3    793      2      3      8      7    971 ]
C  [   234      2    146      9      9      0      0     20    954      0 ]
G  [    23      9    626     17    196    982    996     29      8     25 ]
T  [    90    626     76    969      1     14      0    941     28      3 ]
>MA2225.1	erm
A  [   303    108      0     27     72     33      9    381     12     33     21 ]
C  [     6    105      3     12    759     72    975      9    168     15     48 ]
G  [   621      0      0    933     45    132      9      9      3      3      9 ]
T  [    69    786    996     27    123    762      6    600    816    948    921 ]
>MA2226.1	ERR
A  [   292    958   1000      0      0      0      0    917 ]
C  [   583      0      0      0      0      0    875      0 ]
G  [   125      0      0   1000   1000     83      0     83 ]
T  [     0     42      0      0      0    917    125      0 ]
>MA2228.1	Ets65A
A  [   105      0      0      0   1000   1000    632      0 ]
C  [   895   1000      0      0      0      0      0    421 ]
G  [     0      0   1000   1000      0      0    368      0 ]
T  [     0      0      0      0      0      0      0    579 ]
>MA2230.1	Ets97D
A  [   810     95     48      0      0   1000   1000    333     95 ]
C  [    48    810    905      0      0      0      0      0    333 ]
G  [    95     48     48   1000   1000      0      0    667      0 ]
T  [    48     48      0      0      0      0      0      0    571 ]
>MA2231.1	Ets98B
A  [   818     91    182      0      0      0   1000    273      0 ]
C  [   182    636    818   1000      0      0      0      0   1000 ]
G  [     0    182      0      0   1000   1000      0      0      0 ]
T  [     0     91      0      0      0      0      0    727      0 ]
>MA2232.1	fd59A
A  [   422    786    489    498    110    930    962    987      7    926 ]
C  [    16     16    121     18     86     63     22      2    813      6 ]
G  [     8    169    119    471      6      1      0      5      4     21 ]
T  [   553     27    269     11    796      4     14      3    174     45 ]
>MA2233.1	Fer1
A  [   529     59    353    412      0   1000      0      0      0      0   1000      0     59 ]
C  [   118    647    118    353   1000      0    176    941      0      0      0    941      0 ]
G  [    59    118    471      0      0      0    824     59      0   1000      0      0    882 ]
T  [   294    176     59    235      0      0      0      0   1000      0      0     59     59 ]
>MA2234.1	Fer2
A  [   350      0   1000      0    100      0      0    850      0    450 ]
C  [   500   1000      0    200    550      0      0      0    950      0 ]
G  [   150      0      0    600    350      0   1000      0      0    500 ]
T  [     0      0      0    200      0   1000      0    150     50     50 ]
>MA2235.1	FoxL1
A  [   150    350    200   1000    950   1000      0   1000 ]
C  [     0    250    150      0     50      0    850      0 ]
G  [   200    300      0      0      0      0      0      0 ]
T  [   650    100    650      0      0      0    150      0 ]
>MA2236.1	foxo
A  [     0    150    400    400    800    800   1000      0   1000 ]
C  [   300    600      0      0     50    200      0    900      0 ]
G  [   150    150    550      0      0      0      0      0      0 ]
T  [   550    100     50    600    150      0      0    100      0 ]
>MA2237.1	FoxP
A  [   316    500     48   1000    952   1000      0   1000    714 ]
C  [   263    100     95      0      0      0    857      0     95 ]
G  [   421    400      0      0      0      0      0      0      0 ]
T  [     0      0    857      0     48      0    143      0    190 ]
>MA2238.1	GATAe
A  [   308      0    999      0    999   1000     24 ]
C  [   477      0      0      0      0      0    421 ]
G  [    25   1000      0      0      0      0    504 ]
T  [   188      0      0   1000      0      0     49 ]
>MA2239.1	gsb
A  [   151    988    997      1      0     17    996      0      5    752 ]
C  [    17      6      0      1    460      8      0      2     12     35 ]
G  [    34      5      1      2      7    974      1      0      2     21 ]
T  [   796      0      0    994    532      0      1    997    979    190 ]
>MA2240.1	Hey
A  [     0    956      0      0      0      0 ]
C  [   999      0   1000      0     41      0 ]
G  [     0     43      0    999      0    999 ]
T  [     0      0      0      0    958      0 ]
>MA2241.1	HLH4C
A  [   241     42    708     50      3    998      0     71      0      0    343      7    144    111 ]
C  [    36    621    234    421    996      0     48    850      1      0    168     48    232    615 ]
G  [   661    195     57    145      0      1    908     76      0    998    444    244    610     25 ]
T  [    60    141      0    382      0      0     43      1    998      1     43    699     13    247 ]
>MA2242.1	Hnf4
A  [   458      1     16     36      0    957    994    981      7     17     10      1    845 ]
C  [     4      0      1     21    950      1      0      7     11      5      5    920      1 ]
G  [   533    996    918    364      4     41      3     12    982    751     86      6    150 ]
T  [     4      3     64    580     46      1      3      0      0    227    899     72      5 ]
>MA2243.1	Hr38
A  [   791    920    995      0      9      8      2    894 ]
C  [     2      0      0      0      0     29    867      3 ]
G  [   103      4      3    788    976    104     13     91 ]
T  [   102     75      1    211     14    857    116      9 ]
>MA2244.1	Hr39
A  [    12    992    992      0      3    136      6    638 ]
C  [   775      0      0      2      0    181    923      0 ]
G  [   199      7      3    811    996     13     15    352 ]
T  [    12      0      3    186      0    668     55      8 ]
>MA2245.1	Hr78
A  [   526    368    789      0      0      0      0   1000 ]
C  [   158    158     53      0      0     53   1000      0 ]
G  [    53    421    158   1000   1000      0      0      0 ]
T  [   263     53      0      0      0    947      0      0 ]
>MA2246.1	Jra
A  [   581      0      0   1000     93      0      0   1000      0     69 ]
C  [   232      0      0      0    418      0   1000      0    558    604 ]
G  [   139      0    767      0    488     23      0      0     23    232 ]
T  [    46   1000    232      0      0    976      0      0    418     93 ]
>MA2247.1	Kah
A  [   578    104     85    986      3      5      2      8     18    146 ]
C  [   195    872    859      8    994    933      0      4     22     50 ]
G  [   194     10      0      3      0      3      4    986      0     73 ]
T  [    31     12     54      0      1     57    992      0    959    729 ]
>MA2248.1	kay
A  [    65    750     14      2    965     94      0      0    990      0    169 ]
C  [   108     28      4      1     10    455      0    960      0    230    593 ]
G  [   596    216      0    974     16    343      7      0      0     31    130 ]
T  [   228      5    981     22      8    106    992     39      9    738    106 ]
>MA2249.1	ken
A  [   567     11      1      1     16     11    485     42     72 ]
C  [    85    985      0      1      0    988     33    871    501 ]
G  [   343      0      0      3      0      0     20      1     37 ]
T  [     3      3    998    992    983      0    460     83    388 ]
>MA2250.1	klu
A  [   350      0    900      0      0      0    650      0    450      0    667 ]
C  [   550   1000      0   1000   1000    950    350   1000      0    842    111 ]
G  [   100      0      0      0      0      0      0      0    500      0    111 ]
T  [     0      0    100      0      0     50      0      0     50    158    111 ]
>MA2251.1	knrl
A  [   737    950    900     50      0    700      0    350      0      0    800 ]
C  [    53     50      0    450    100      0      0      0      0   1000      0 ]
G  [    53      0     50    200      0    300   1000    550    600      0    200 ]
T  [   158      0     50    300    900      0      0    100    400      0      0 ]
>MA2252.1	lmd
A  [    45    590      0      0      0      0      0     45    500      0    409    142 ]
C  [   136    227    909   1000   1000   1000   1000    727     45    818    318     47 ]
G  [   500    181      0      0      0      0      0      0    454    181    136    714 ]
T  [   318      0     90      0      0      0      0    227      0      0    136     95 ]
>MA2254.1	lz
A  [   375    652    989      1      0    224      1    940    752 ]
C  [   192     91      3    993    996      2    993      6     54 ]
G  [    21    203      5      2      1    764      2     41    142 ]
T  [   411     52      1      1      1      7      1     10     50 ]
>MA2255.1	Max
A  [   541      0      0   1000      0      0      0      0 ]
C  [   208    833   1000      0    958      0      0      0 ]
G  [    41    125      0      0      0   1000      0   1000 ]
T  [   208     41      0      0     41      0   1000      0 ]
>MA2257.1	Mitf
A  [     0      0    955      0    136     83      0 ]
C  [     0   1000      0    909      0    167      0 ]
G  [    91      0     45     91    864      0   1000 ]
T  [   909      0      0      0      0    750      0 ]
>MA2258.1	Mnt
A  [   111      0   1000      0      0      0      0 ]
C  [   889   1000      0   1000      0      0      0 ]
G  [     0      0      0      0   1000      0   1000 ]
T  [     0      0      0      0      0   1000      0 ]
>MA2259.1	org-1
A  [   553    173     49      0      0     73     41    727 ]
C  [    53    103     29    104      0    140    175     55 ]
G  [   244    593    899     17   1000    135    537    184 ]
T  [   149    129     21    877      0    650    245     32 ]
>MA2262.1	pnt
A  [   750      0     56      0    111    944    833    500     56 ]
C  [    62   1000    889      0      0      0      0      0    111 ]
G  [    62      0      0   1000    889      0      0    500      0 ]
T  [   125      0     56      0      0     56    167      0    833 ]
>MA2263.1	Poxm
A  [   143    929    152      0      0    981    390      0      0     53      0     70    963     35    288 ]
C  [   810      9    333     54    897      0      0     28   1000      9      0      0     37    964    114 ]
G  [     0     62    419      0    103     19      0    972      0    929      0    921      0      0    557 ]
T  [    48      0     95    946      0      0    610      0      0      9   1000      9      0      1     41 ]
>MA2264.1	Rel
A  [     5      7      0      0    118     64      0      3     37      4      5 ]
C  [    26      0      9      1     17      1      0    986    962    995    983 ]
G  [   910    992    936    993    856      0      0      6      0      0      0 ]
T  [    57      0     54      5      6    933   1000      4      0      0     11 ]
>MA2265.1	retn
A  [   835     41     46    713    945    120 ]
C  [    15      8    216     16      6     19 ]
G  [    24     11     14    215      8     25 ]
T  [   124    938    723     53     40    834 ]
>MA2266.1	Rfx
A  [    17     14     21     34      6      0    950    372      0     27    914    984      8 ]
C  [     0      0     53     23    984     28     12     49      0    919      7     10    981 ]
G  [   954      0      0    943      6      0      0    562   1000      0     34      6      0 ]
T  [    29    986    926      0      4    972     38     17      0     53     45      0     12 ]
>MA2267.1	rib
A  [     0      0      0    647   1000   1000    765    529    500 ]
C  [   529      0   1000      0      0      0      0    118      0 ]
G  [     0   1000      0    353      0      0      0      0    125 ]
T  [   471      0      0      0      0      0    235    353    375 ]
>MA2270.1	scrt
A  [     7      0    982    997      3    995     47      2      0     54     50 ]
C  [    11    993      6      1    994      1      2      1      1      8    112 ]
G  [   845      0      3      1      1      0    948    994      0    851    622 ]
T  [   135      5      7      0      0      3      0      2    998     86    215 ]
>MA2271.1	sens
A  [   955   1000   1000      0      0    818     45    409    136     59 ]
C  [     0      0      0      0   1000      0    909      0      0    765 ]
G  [    45      0      0      0      0      0     45    409    864      0 ]
T  [     0      0      0   1000      0    182      0    182      0    176 ]
>MA2272.1	slp2
A  [   333      0   1000   1000   1000      0   1000    611 ]
C  [     0     56      0      0      0   1000      0    167 ]
G  [   667      0      0      0      0      0      0    167 ]
T  [     0    944      0      0      0      0      0     56 ]
>MA2273.1	Sox102F
A  [   754     21      0      0      7      0     29      9     36     62     58     91 ]
C  [     9    160     49      0      0     16    947     26      6     20     42     56 ]
G  [    74    105     27   1000     33     43     23    962    912     96    816    637 ]
T  [   161    712    923      0    959    940      0      2     43    820     82    214 ]
>MA2274.1	Sox14
A  [   250     50      0      0    200      0      0      0      0      0     50 ]
C  [   450    350    700    800      0      0      0      0      0    550    750 ]
G  [   300    100    100      0      0      0      0   1000      0    100      0 ]
T  [     0    500    200    200    800   1000   1000      0   1000    350    200 ]
>MA2275.1	Sox15
A  [   571    619   1000      0   1000   1000    143    286 ]
C  [    48     95      0   1000      0      0      0      0 ]
G  [   238     95      0      0      0      0      0    667 ]
T  [   143    190      0      0      0      0    857     48 ]
>MA2278.1	SoxN
A  [     0    924    826      0    416    363     20   1000     50     20     52 ]
C  [   995     31    113     33    133    230    954      0     21      8     16 ]
G  [     4     23     10      4    244    290     24      0     83     12    932 ]
T  [     0     19     49    962    206    115      0      0    844    958      0 ]
>MA2279.1	Sp1
A  [   159    510     26     67     12     17     15    470    102 ]
C  [   588    487    968      0    987    977    857    411    618 ]
G  [    27      1      0    885      0      0      0      3     57 ]
T  [   223      0      5     46      0      5    126    114    222 ]
>MA2280.1	Spps
A  [   173     65     44    394      6     36      7      6     12    430     73 ]
C  [     9    812    724    605    992      0    992    993    818    421    627 ]
G  [   742     54     12      0      0    904      0      0      0     14     75 ]
T  [    74     68    217      0      1     58      0      0    168    133    223 ]
>MA2281.1	SREBP
A  [   552    183      2    904      0     21      6      1    768      1 ]
C  [    56     68    975      2    858    117     85     19      4    423 ]
G  [   389     11     21     85    120    860      1    971     45     50 ]
T  [     3    738      1      8     22      2    908      9    184    526 ]
>MA2282.1	SREBP
A  [   641    113      9    984      2    113      7      9    994      2 ]
C  [    51     90    990      0    951     79    957    826      0    719 ]
G  [   301      1      0     15      7    801      0    132      5      2 ]
T  [     4    794      0      0     39      5     35     32      0    275 ]
>MA2283.1	srp
A  [   412      0   1000      0   1000   1000      0    375 ]
C  [    59      0      0      0      0      0    125    188 ]
G  [     0   1000      0      0      0      0    875    438 ]
T  [   529      0      0   1000      0      0      0      0 ]
>MA2284.1	ss
A  [     0      0      0      0      0      0   1000      0 ]
C  [   100      0    900    100      0      0      0    800 ]
G  [     0   1000      0    900      0   1000      0      0 ]
T  [   900      0    100      0   1000      0      0    200 ]
>MA2285.1	sug
A  [   107    682     34     47     20     13     13    145    446     50    342    346 ]
C  [   149    188    960    938    965    986    986    720     43    724    118     38 ]
G  [   637    128      0      0      0      0      0      0    479    134    478    550 ]
T  [   104      0      4     13     13      0      0    134     30     90     60     65 ]
>MA2286.1	svp
A  [   714    714      0      0      0      0    929 ]
C  [   214      0      0      0      0   1000      0 ]
G  [    71    286   1000   1000      0      0     71 ]
T  [     0      0      0      0   1000      0      0 ]
>MA2287.1	TfAP-2
A  [     0      0      0      0    104    657     63      0      0 ]
C  [   135    980    940    210    391    135      9     17    861 ]
G  [   864     19     11    131    392    207    926    982    138 ]
T  [     0      0     47    657    111      0      0      0      0 ]
>MA2288.1	tj
A  [   134      5     94    979      3      0    749    280    374    348 ]
C  [   101      7    891      0      0   1000      4    255     75     86 ]
G  [   737      0      0     12    934      0    203    203     93     47 ]
T  [    26    987     13      7     61      0     43    260    456    517 ]
>MA2289.1	toy
A  [    90     40     16    907      4      1      3    585      2      2    957    139      3     79    348    712      2    742 ]
C  [   106      3    631     85    972      2    964     13     16    124      3    541     69      2    557     49    864    119 ]
G  [    46     31      3      3      4    996     32      7      1    873     37    244     13    901     88    207      0     38 ]
T  [   756    924    349      3     17      0      0    392    979      0      1     75    913     16      5     29    133     99 ]
>MA2290.1	Usf
A  [   562     62      0    833      0    222      0      0    667      0 ]
C  [   250    625   1000      0   1000      0      0      0      0    667 ]
G  [   188     62      0    111      0    778      0   1000    222    222 ]
T  [     0    250      0     56      0      0   1000      0    111    111 ]
>MA2291.1	vri
A  [   118    278      0      0    778      0    222      0    944   1000      0 ]
C  [     0      0      0      0      0    722      0      0     56      0     59 ]
G  [   353    722      0    222    222      0    778      0      0      0    235 ]
T  [   529      0   1000    778      0    278      0   1000      0      0    706 ]
>MA2292.1	wor
A  [     0    952      0      0      0      0     53 ]
C  [  1000      0   1000   1000      0      0    632 ]
G  [     0      0      0      0      0   1000      0 ]
T  [     0     48      0      0   1000      0    316 ]
>MA2293.1	Xbp1
A  [    58     62    803      0     18     12     92     55 ]
C  [   153     67     28    900     11     86     17     57 ]
G  [    81    639     96     19    957     30    858    473 ]
T  [   706    230     71     80     12    870     31    414 ]
>MA2296.1	aop
A  [   387     67     22     15     19    444    436 ]
C  [    13    306    411     14      6     11      8 ]
G  [    33     62     16    425    433      6      9 ]
T  [    29     27     13      8      4      1      9 ]
>MA2303.1	crp
A  [   408    616    308      3    735      4      9      2      2    373     13     83 ]
C  [    97     43     32    735      1      4    723      1      0     28     69    152 ]
G  [   151     68     28      0      2    723      4      1    734     32     43     96 ]
T  [    84     13    372      2      2      9      4    736      4    307    615    409 ]
>MA2304.1	cwo
A  [   286     27   1358     35     40     43     17    269 ]
C  [    58   1389     20   1359     14     24     13    835 ]
G  [   834     14     25     14   1358     22   1390     58 ]
T  [   269     17     44     39     35   1358     27    285 ]
>MA2305.1	cyc
A  [   117    123     37    679     30     29     15      8    450     87 ]
C  [    96     77    663     11    638     25     18     14     72    422 ]
G  [   422     72     14     17     25    638     12    663     77     95 ]
T  [    87    450      8     15     29     30    677     37    123    118 ]
>MA2308.1	da
A  [    13   1016     29     27     17     19 ]
C  [  1009     15     28    982     19     18 ]
G  [    19     17    983     26     16   1018 ]
T  [    24     17     25     30   1013     10 ]
>MA2309.1	ewg
A  [   514     91    146     48   2255     79     50     37     52    260 ]
C  [   172   2559     21   2648    297    141     26   2568     70   1826 ]
G  [  1826     70   2568     26    141    297   2648     21   2559    172 ]
T  [   260     52     37     50     79   2255     48    146     91    514 ]
>MA2310.1	fru
A  [  1736   1785   1750     52    155   1713   1715    225 ]
C  [    56     48     33     54     46     53     49     80 ]
G  [    41     26     28   1804     39     66     57     78 ]
T  [   108     82    130     31   1701    109    120   1558 ]
>MA2312.1	grn
A  [   147    171    231   5335     86     72   3157 ]
C  [  4975     89     68     59     61   5381    171 ]
G  [   234    116     79     57     55     30   1161 ]
T  [   188   5168   5166     93   5342     61   1055 ]
>MA2314.1	hr3
A  [    42     25     38     16    547     20    375     76 ]
C  [    14     19     32    546     15    556     64    398 ]
G  [   527    523     20     22     19     19     52     41 ]
T  [    26     42    519     25     28     14    118     94 ]
>MA2317.1	nau
A  [     0   3126      0     43     44     55 ]
C  [  3167     26     16   3177     28     13 ]
G  [    13     28   3177     16     19   3168 ]
T  [    56     56     43      0   3145      0 ]
>MA2318.1	pita
A  [    65     43    516      4      4    109    267    360      9    441     20    288     71    229    445    480      2      7 ]
C  [    65     48      3     23    466    225     43     13      9     14    463     52    364    102     66     18    524    517 ]
G  [    43     12      4    456      1    121    170    113    439     24      0     53     25    183      4     11      1      4 ]
T  [   357    427      7     47     59     75     50     44     73     51     47    137     70     16     15     21      3      2 ]
>MA2319.1	run
A  [   803   1031     25     62     45     50   1059    267 ]
C  [   122     25   1079   1048     12   1087     40    134 ]
G  [   171     53     31     22   1078     13     22    636 ]
T  [    71     58     32     35     32     17     46    130 ]
>MA2320.1	Sox100B
A  [    82    156     78    229   1868   2091    140   2132 ]
C  [    29     70     53    110     67     52   1908     31 ]
G  [    31   1908     52     67    110     53     70     29 ]
T  [  2132    140   2091   1868    229     78    156     82 ]
>MA2321.1	tx
A  [     0   1466      0     20     19     23 ]
C  [  1493     19      5   1498      9      3 ]
G  [     3     15   1503      4     12   1496 ]
T  [    26     22     14      0   1482      0 ]
>MA0529.3	BEAF-32
A  [   539   5151     98     26     40   5213    204   4406 ]
C  [   460     51    112   5423     13     79     96     97 ]
G  [    97     96     79     13   5423    112     51    460 ]
T  [  4406    204   5213     40     26     98   5151    539 ]
>MA0010.2	br
A  [     1      5      7      3      6      4      7      1      9      8      5      4 ]
C  [     1      2      0      0      0      1      0      8      0      0      0      0 ]
G  [     1      1      1      0      0      4      1      0      0      1      3      0 ]
T  [     6      1      1      6      3      0      1      0      0      0      1      5 ]
>MA0011.2	br
A  [     0      0     12      1      2      1 ]
C  [    10      1      0      1      0      2 ]
G  [     0      0      0      2      1      1 ]
T  [     2     11      0      8      9      8 ]
>MA0012.2	br
A  [     3      9     10     12      0      4     10      6 ]
C  [     1      2      0      0     10      0      0      0 ]
G  [     1      1      0      0      1      0      0      4 ]
T  [     7      0      2      0      1      8      2      2 ]
>MA0184.2	CG9876
A  [     0     18     20      0      0     14 ]
C  [     0      0      0      0      0      0 ]
G  [     0      0      0      0      1      6 ]
T  [    20      2      0     20     19      0 ]
>MA0531.2	CTCF
A  [   257   1534    202    987      2      0      2    124      1     79 ]
C  [   714      1      0      0      4      0      0   1645      0   1514 ]
G  [    87    192   1700    912    311   1902   1652      3   1807      8 ]
T  [   844    175      0      3   1585      0    248    130     94    301 ]
>MA0185.2	Deaf1
A  [     0      0      0      0      0 ]
C  [     3      0     10      0      0 ]
G  [     0      0      0     10      5 ]
T  [     7     10      0      0      5 ]
>MA1455.2	dmrt99B
A  [    92    341    348    979     10    856    934    137     41      3    618    356     63 ]
C  [    38    288     85      4    955      8     26     21     12      4     35     11    825 ]
G  [   808      9     39      8     10     10     39     11    933      2     66    260     27 ]
T  [    60    360    526      7     23    124      0    829     12    989    279    371     82 ]
>MA0915.2	dve
A  [     0    999    999      0      0      0 ]
C  [     0      0      0      0    999    971 ]
G  [     0      0      0      0      0      0 ]
T  [   999      0      0    999      0     29 ]
>MA0189.2	E5
A  [     3     43     42      1      5     34 ]
C  [     0      0      0      0      0      0 ]
G  [     0      0      0      1     16      9 ]
T  [    40      0      1     41     22      0 ]
>MA0222.2	exd
A  [     1      0      0      0     17      0     11 ]
C  [     0      0      0      0      0     12      0 ]
G  [     2      0      0     17      0      0      6 ]
T  [    14     17     17      0      0      5      0 ]
>MA1839.2	GATAd
A  [    65     81     74   1483     57     38   1168 ]
C  [  1438     46     54     68     49   1460     51 ]
G  [    62     36     42     37     37     31    241 ]
T  [    32   1434   1427      9   1454     68    137 ]
>MA1840.2	gcm
A  [    83    162    549    619    110   9478    308 ]
C  [  9705   9704   9113    384   9382    180   1335 ]
G  [   110     53    164   8643    132    115    818 ]
T  [   202    181    274    454    476    327   7639 ]
>MA1457.2	grh
A  [  1915   3090   3211     29    187   1914     20     49     58    358 ]
C  [   477     27     20   3265   2825    194     57     34     96    569 ]
G  [   535     89     57     18    199    838   3221     23     23    407 ]
T  [   405    126     44     20    121    386     34   3226   3155   1998 ]
>MA1458.2	Hsf
A  [    74     43     11     54   1981     33   1996   1936 ]
C  [    57     38   2070   1297     51     37     66     41 ]
G  [    43     49     22    279     49   2036     29     50 ]
T  [  1948   1992     19    492     41     16     31     95 ]
>MA1841.2	kn
A  [    16      1      6      4     47    153     12     27      2    227 ]
C  [    18    277    252    259    174     25      6      7      5      8 ]
G  [    11      1      5      9     22     54    258    243    272     27 ]
T  [   236      2     18      9     38     49      5      4      2     19 ]
>MA0452.3	Kr
A  [   151   1248   1080     11      0      0      0      0      0 ]
C  [   386      0    216   1170   1177   1296    202      0    113 ]
G  [    73      0      0      0      0      0      0      0      0 ]
T  [   686     48      0    115    119      0   1094   1296   1183 ]
>MA0195.2	Lim3
A  [     4     16     20      0      0     16 ]
C  [     0      0      0      0      2      0 ]
G  [     0      3      0      0      4      4 ]
T  [    16      1      0     20     14      0 ]
>MA0197.3	nub
A  [     2     29      0      0      0     24     28     28      4      6     19 ]
C  [     1      0      0      0     19      0      0      0      1      5      5 ]
G  [     1      0      0     25      1      0      1      0      0      8      1 ]
T  [    25      0     29      4      9      5      0      1     24     10      4 ]
>MA0126.2	ovo
A  [    10      1      4     20     21      0      7      0 ]
C  [     4      4      2      0      0     21      5      0 ]
G  [     0     14      2      0      0      0      3     21 ]
T  [     7      2     13      1      0      0      6      0 ]
>MA1702.2	Pdp1
A  [   126    110   4468    109    331    154   4598   4606 ]
C  [    46     49     35    340     76   3282     88     60 ]
G  [    64    119    218     74   4221     79     71     68 ]
T  [  4580   4538     95   4293    188   1301     59     82 ]
>MA1460.2	pho
A  [  6191    104    143    116    299    340    498 ]
C  [   297    154    318    150   6080   5236    179 ]
G  [   268    124   6303   6516    274    923   5995 ]
T  [   195   6569    187    169    298    452    279 ]
>MA0536.2	pnr
A  [    82    802      0      0      0    869      0    580    123 ]
C  [   180      0     32    869      0      0      0      0      0 ]
G  [     5      0      1      0    869      0      0     87    530 ]
T  [   602     67    836      0      0      0    869    202    216 ]
>MA0200.2	Pph13
A  [     0     21     21      0      0     13 ]
C  [     0      0      0      0      1      1 ]
G  [     0      0      0      0      0      6 ]
T  [    21      0      0     21     20      1 ]
>MA0239.2	prd
A  [    10      1      4     20     21      0      7      0 ]
C  [     4      4      2      0      0     21      5      0 ]
G  [     0     14      2      0      0      0      3     21 ]
T  [     7      2     13      1      0      0      6      0 ]
>MA0243.2	sd
A  [     3      8      4     14      1      3      0      3      4      5      5 ]
C  [     0      1      8      0      1      0      8      5      1      6      1 ]
G  [     8      1      1      0      0      1      0      3      2      3      7 ]
T  [     3      4      1      0     12     10      6      3      7      0      1 ]
>MA0532.2	Stat92E
A  [    91     47      0      0      0      0     38     41      0    113    118     63 ]
C  [     1      0      1      6    106     67     21      2      1      0      0      9 ]
G  [    17     27      1      0      0     14     30     70    117      2      0     10 ]
T  [     9     44    116    112     12     37     29      5      0      3      0     36 ]
>MA1461.2	sv
A  [     2     58    644    152      1      2    934    375      1      1    106      4    128    945     25     71 ]
C  [   273    734     15    284    323    640      2     29    129    982      1      2      1      2    971    213 ]
G  [   444      4    312    383      5    356     59     68    868      3    890      8    868     13      2    669 ]
T  [   279    202     26    179    669      1      4    526      1     12      1    983      1     38      1     45 ]
>MA0247.3	tin
A  [     0      0      0    326    515      0      0      0     13 ]
C  [   188     51    425      0      0      0      0      0    157 ]
G  [   137      0     34    189      0    515      0    515    301 ]
T  [   190    464     56      0      0      0    515      0     44 ]
>MA0249.3	twi
A  [  2583     15   2844     16   2723     31    137 ]
C  [   166   2804     26   2025     57     69     54 ]
G  [    69     24     11    154     83     46   2671 ]
T  [    78     53     15    701     33   2750     34 ]
>MA0094.3	Ubx
A  [     0      0     17     20      0      0     14 ]
C  [     0      0      0      0      0      0      0 ]
G  [     0      0      0      0      0      6      6 ]
T  [    20     20      3      0     20     14      0 ]
>MA0016.2	usp
A  [     0      1      0      0      0      0     35      5      5 ]
C  [     1      0      0      0      0     36      0     25      8 ]
G  [    37     36     38     38      0      1      3      3     22 ]
T  [     0      1      0      0     38      1      0      5      3 ]
>MA0252.2	vis
A  [     0      0     22      0     22 ]
C  [     0      0      0     22      0 ]
G  [     0     22      0      0      0 ]
T  [    22      0      0      0      0 ]
>MA0257.2	zen2
A  [     1     26     26      0      0     22 ]
C  [     0      0      0      1      0      0 ]
G  [     0      0      0      0     10      4 ]
T  [    25      0      0     25     16      0 ]
>MA0085.2	Su(H)
A  [     0      0      0      0      3      0     10     10      5      1 ]
C  [     4      0      0      0      0      0      0      0      5      7 ]
G  [     0     10      0     10      7     10      0      0      0      1 ]
T  [     6      0     10      0      0      0      0      0      0      1 ]
>MA0449.1	hry
A  [     1      3      1     22      1      2      1      1      7      1 ]
C  [     2      7     31      1     30      1     10      1     17     30 ]
G  [    30     17      1     10      1     30      1     31      7      2 ]
T  [     1      7      1      1      2      1     22      1      3      1 ]
>MA1700.1	Clamp
A  [   332   1071    189    713     74   2510     62    325     31   2451     71   2038    234   1251 ]
C  [   250    455    175   1322     29     32     11   1998     12     28     36    332    502    327 ]
G  [  1888    378   2178    354   2532     43   2562    174   2600    155   2517    118   1515    960 ]
T  [   181    747    109    262     16     66     16    154      8     17     27    163    400    113 ]
>MA2463.1	dmrt93B
A  [    76      0      0    976    123      0    501 ]
C  [    51      0     27      0      0   1000    100 ]
G  [     0   1000      0     23     61      0    302 ]
T  [   871      0    972      0    815      0     95 ]
>MA2465.1	Fer3
A  [    53    105    421    737      0    947      0    263      0      0 ]
C  [     0    105    211      0   1000      0     53    421     53      0 ]
G  [   789    211    368    105      0     53    789    263      0    895 ]
T  [   158    579      0    158      0      0    158     53    947    105 ]
>MA2466.1	kay
A  [   110    803     32     19    986      0      0      0     51    993      0    154 ]
C  [    60     32      0     12     14    989      0      0    949      0    124    649 ]
G  [   690    162      0    965      0      0   1000      0      0      0     25     77 ]
T  [   141      3    968      4      0     11      0   1000      0      7    851    120 ]
>MA2468.1	Myb
A  [    14   1000    995      0      9      4    152    200    537 ]
C  [     4      0      0    990      4      0    132    442     43 ]
G  [     0      0      0      9    972    995     35     12    240 ]
T  [   981      0      4      0     13      0    679    345    179 ]
>MA2311.1	ftz-f1
A  [   173   1733    120    150     52     49     41   1767 ]
C  [   125     77   1845   1790     63     55    114     84 ]
G  [  1690    143     34     30     35     24   1854    113 ]
T  [    62     97     51     80   1900   1922     41     86 ]
>MA2631.1	bab1
A  [     0    175    127    161      2      5    176 ]
C  [     0      1      4      5      5      1      2 ]
G  [     3      1      8      6      7      1      0 ]
T  [   175      1     39      6    164    171      0 ]
>MA2632.1	crol
A  [    16    645     14      7    623      4     21     70 ]
C  [   657     26    667    679     39    690    649    567 ]
G  [    17     20     20      8     34      8     17     44 ]
T  [    20     19      9     16     14      8     23     29 ]
>MA2316.2	l(3)neo38
A  [   133     17     15    105      8     17     21     17     33      6     13     15     18     14     23      9      8    139 ]
C  [    60    190    171     87    202    178    194    201     74    212    205    188    189    199     51    197    208     55 ]
G  [    21     15      9     26     11     10      7      5     15      2      3      4      8      6     10      8     10     10 ]
T  [    18     10     37     14     11     27     10      9    110     12     11     25     17     13    148     18      6     28 ]
